id,EAP,HPL,MWS
id02310,0.30434676383330334,0.2535831619138804,0.44207007425281625
id24541,0.5443873751198514,0.20869727196046117,0.24691535291968741
id00134,0.36946420091173554,0.4443647059382748,0.18617109314998967
id27757,0.552462939327797,0.22334144241254855,0.22419561825965428
id04081,0.4972748716862226,0.22054578214590861,0.2821793461678689
id27337,0.5319185474849488,0.24787411734644937,0.2202073351686018
id24265,0.48538631567689816,0.32237353913774347,0.19224014518535848
id25917,0.2977023799984513,0.38264316736781784,0.3196544526337308
id04951,0.4523601173627164,0.28270587799528346,0.264934004642
id14549,0.5574471532933007,0.1780480742533207,0.26450477245337856
id22505,0.4644561439725295,0.3633398448806217,0.17220401114684886
id24002,0.4795094778282157,0.3257156001471536,0.19477492202463065
id18982,0.3368563443471777,0.3349336088719374,0.32821004678088495
id15181,0.22212498392441118,0.6136494129866439,0.16422560308894502
id21888,0.46110799895377586,0.24947580597504748,0.28941619507117666
id12035,0.28944483627686485,0.12185418652211258,0.5887009772010225
id17991,0.44620029025931346,0.2301611503416249,0.3236385593990616
id10707,0.542756859148898,0.22259669681730698,0.23464644403379498
id07101,0.3105317452412561,0.30057792081086215,0.38889033394788175
id00345,0.3227931931890856,0.4307811492613034,0.2464256575496111
id05912,0.48861805571603156,0.2637117999836761,0.24767014430029238
id13443,0.4425811219440143,0.28693966664895865,0.27047921140702713
id09248,0.5379405273951158,0.20694331472966412,0.25511615787522
id17542,0.48668001016090134,0.27682016206235205,0.23649982777674666
id06995,0.2527046832021851,0.05772297002500726,0.6895723467728077
id25159,0.43499104004100186,0.3074363802297095,0.2575725797292887
id25729,0.492855137996879,0.34457670184150646,0.16256816016161457
id26949,0.5119661843804326,0.24637488119724224,0.24165893442232517
id27191,0.4600473194776654,0.25302602984806993,0.2869266506742646
id07668,0.4528843598579592,0.08122836992505282,0.46588727021698784
id02230,0.3211013647423317,0.32259918355526435,0.35629945170240396
id15553,0.6006836335452708,0.14319127123635633,0.2561250952183728
id25688,0.3022682310635235,0.4945082918256607,0.2032234771108159
id17545,0.5094044444400482,0.22131613870389963,0.2692794168560523
id13929,0.436029266445075,0.23684045431850698,0.3271302792364181
id12880,0.37503270266866023,0.36371214203816066,0.2612551552931792
id19282,0.44498120445306866,0.2449786982004108,0.3100400973465206
id14690,0.4210790069921185,0.2103522442556785,0.3685687487522031
id17975,0.33993341650926245,0.4067973433118982,0.25326924017883945
id08037,0.37875438095882324,0.348204576437701,0.2730410426034759
id15412,0.486703491480302,0.23787375098686706,0.27542275753283096
id25032,0.48620907294096477,0.17848805620132951,0.3353028708577058
id27165,0.5155433358500198,0.2578701731874087,0.22658649096257152
id03327,0.5485419378290504,0.19830736854486955,0.25315069362608006
id18515,0.5195420511125434,0.28740115603556987,0.19305679285188676
id21003,0.3768326217016017,0.34964123571393163,0.2735261425844667
id23855,0.2795205477028703,0.43003174409566486,0.2904477082014648
id20724,0.5668633125135059,0.15760098127611785,0.2755357062103764
id13303,0.32837136564846664,0.28303894928340706,0.3885896850681264
id16521,0.1473940524979361,0.22747544596008998,0.6251305015419739
id20775,0.48440209955401164,0.2741215528765036,0.24147634756948483
id13029,0.4995001144685333,0.2381590451528232,0.2623408403786435
id14660,0.468771973506536,0.2892954856941538,0.2419325407993101
id11028,0.31599554011519493,0.1347527199407545,0.5492517399440506
id14180,0.42052505003009183,0.30476076989313416,0.27471418007677406
id25860,0.7365974975045313,0.11360089581775627,0.14980160667771256
id11910,0.5162961783540836,0.22958959849457808,0.25411422315133836
id08065,0.5368350828261786,0.19939115706375857,0.2637737601100627
id22674,0.3441711681256381,0.21234103086726264,0.4434878010070992
id25018,0.37461215224995575,0.2513114930921654,0.3740763546578789
id10892,0.30031899771008425,0.5262681935774347,0.17341280871248105
id10217,0.2065658428019383,0.5745958631520709,0.2188382940459908
id12996,0.5177625521801283,0.17615568093235595,0.3060817668875158
id18262,0.35087701850073094,0.3216231118933653,0.3274998696059039
id08606,0.2429578803651411,0.5512941463802565,0.20574797325460228
id17233,0.5577000582830478,0.16892982408243895,0.27337011763451324
id00101,0.434253855316897,0.25909418790595184,0.30665195677715124
id12225,0.5577000582830478,0.16892982408243895,0.27337011763451324
id01364,0.343304903637624,0.4429729640274716,0.21372213233490447
id24973,0.5423283882850368,0.21515620190239929,0.24251540981256392
id25363,0.456572120646806,0.3174774471391231,0.2259504322140708
id10061,0.34897598728331036,0.11678674807202953,0.5342372646446601
id17673,0.34861624778576633,0.3749311508227525,0.27645260139148115
id13249,0.5441623595537597,0.17415859355908528,0.28167904688715506
id10107,0.3157941157634926,0.2273646585847831,0.4568412256517244
id04403,0.5937002008437021,0.11021134791950755,0.2960884512367903
id25728,0.49165630450925707,0.24239890422366192,0.2659447912670809
id16184,0.4568879815421714,0.14864296669870705,0.39446905175912156
id03438,0.3389613049765325,0.1332965999531454,0.5277420950703222
id22923,0.2689751891994407,0.5398567761155355,0.19116803468502377
id08610,0.47383373867098505,0.20971845923603608,0.3164478020929789
id25355,0.38826570846189856,0.3262356458649166,0.28549864567318495
id16916,0.31615108705163475,0.49880412114826855,0.18504479180009675
id12793,0.3052051717243365,0.4164882040391972,0.2783066242364663
id11859,0.3991859733191804,0.2723108419685294,0.32850318471229023
id02434,0.399700543892311,0.3806487588521418,0.2196506972555472
id27703,0.4172514339050785,0.29936311744746885,0.28338544864745263
id25212,0.32627056643513475,0.44451281254346364,0.22921662102140167
id11308,0.47405136877062193,0.20192433413367547,0.3240242970957025
id26094,0.38454403017173555,0.3417432114653763,0.2737127583628883
id22080,0.54016588548925,0.2030990747747881,0.2567350397359619
id03545,0.40648489652375536,0.3284780541636706,0.2650370493125741
id23725,0.25396085697125453,0.26455387603296127,0.48148526699578414
id12009,0.4780866244943839,0.3088310295840856,0.21308234592153044
id24241,0.5577000582830478,0.16892982408243895,0.27337011763451324
id03596,0.26799747414507796,0.5108647879638434,0.22113773789107874
id10749,0.2914496711442996,0.44726238927756334,0.26128793957813723
id22794,0.2768715773794396,0.46239806587402876,0.26073035674653167
id15482,0.3311125018637698,0.3489149677155469,0.31997253042068335
id04833,0.3658465863520596,0.3873135283126227,0.24683988533531775
id00397,0.39957735139909717,0.13968927074428655,0.4607333778566162
id14691,0.4187416513748722,0.32456631305370764,0.25669203557142023
id05193,0.4327200458236339,0.2472644842512254,0.3200154699251406
id19541,0.5667018822621895,0.2524934355322654,0.18080468220554494
id22166,0.41533599703398655,0.15923660775041348,0.42542739521559997
id20744,0.1567551966704081,0.15212419269344277,0.6911206106361492
id10392,0.3148870772236541,0.2915205729384312,0.39359234983791475
id00770,0.37248743889926506,0.36899045708435324,0.25852210401638176
id06018,0.44138212888805406,0.2967010737965295,0.26191679731541645
id15678,0.31521770602422944,0.23680324502506672,0.4479790489507038
id08305,0.5426362982933483,0.17109014967029607,0.28627355203635574
id08903,0.486703491480302,0.23787375098686706,0.27542275753283096
id14752,0.4546477788994652,0.2936315903686519,0.25172063073188294
id12468,0.30761617192853785,0.4817058984652788,0.2106779296061833
id05085,0.38781764629674886,0.34714086391104154,0.26504148979220965
id21993,0.3300652579582611,0.1491606417807972,0.5207741002609418
id15503,0.486703491480302,0.23787375098686706,0.27542275753283096
id03021,0.34263032453453673,0.38672596609240334,0.2706437093730599
id16123,0.571170457628223,0.18758066822708136,0.24124887414469556
id19383,0.38903213371978584,0.34666328119285333,0.26430458508736077
id04186,0.6061487874927989,0.22944515781175756,0.16440605469544356
id17954,0.22740531982268514,0.0962648662731739,0.676329813904141
id12030,0.4813527639709667,0.18382019787666198,0.33482703815237136
id13020,0.4452230041927018,0.31759838690820263,0.23717860889909556
id25327,0.39989800470080145,0.1462229688731891,0.4538790264260094
id16344,0.5238991361907467,0.22093081113667762,0.25517005267257564
id12303,0.5685473464115611,0.19226888757078325,0.2391837660176556
id15017,0.44985748943809545,0.3160589828360901,0.23408352772581456
id22308,0.3469055193534997,0.2711933233378047,0.3819011573086956
id06536,0.2594610479622478,0.5331450948913596,0.20739385714639252
id19797,0.4703052316963765,0.3054388114405877,0.2242559568630358
id06332,0.5577077515045178,0.19602382645659083,0.24626842203889132
id22941,0.3594799454915693,0.3183184652626986,0.3222015892457322
id13547,0.38062809119642804,0.2935029503118885,0.32586895849168346
id06928,0.4266116136692685,0.26844568762378174,0.3049426987069498
id12521,0.4198161934493408,0.23862925808705696,0.34155454846360234
id25716,0.45192549891044564,0.13459609097181224,0.41347841011774217
id27116,0.07302159403404485,0.031007216336557657,0.8959711896293975
id19941,0.2656260742435609,0.5114073747283008,0.22296655102813837
id05711,0.5485419378290504,0.19830736854486955,0.25315069362608006
id02097,0.22597779072485386,0.1744355722956,0.5995866369795462
id03563,0.29693531187128547,0.5331325068365314,0.16993218129218324
id02295,0.5577000582830478,0.16892982408243895,0.27337011763451324
id08179,0.5540531599850764,0.18545453331438222,0.26049230670054146
id05332,0.5095297830914546,0.21790982241734938,0.2725603944911962
id15697,0.39319306338479854,0.19571999010319358,0.41108694651200794
id17026,0.4814393412210468,0.21852207036030338,0.3000385884186499
id04243,0.47118835183966823,0.2712058956941511,0.25760575246618067
id13175,0.5774725665852349,0.19777337141758253,0.22475406199718248
id05387,0.4602400279499683,0.37498858321597744,0.16477138883405426
id19989,0.34233621858706026,0.39093299504736323,0.26673078636557657
id25173,0.45642348045007397,0.2948689674312903,0.24870755211863566
id08925,0.4086192152332999,0.3525082786940815,0.2388725060726186
id03034,0.3041844732263101,0.3936298775160151,0.3021856492576748
id13272,0.3314584219757811,0.4684376067399175,0.2001039712843013
id07956,0.36038834600380626,0.2996541813205809,0.33995747267561294
id02648,0.25148017586303706,0.09778522269192629,0.6507346014450367
id01778,0.3618029022316386,0.297352163340298,0.34084493442806346
id12846,0.27764186065883967,0.317372130647443,0.40498600869371726
id19001,0.36712313049153383,0.2664565128402307,0.3664203566682354
id05763,0.41485812690085266,0.3350548356015467,0.2500870374976007
id15590,0.28239947830587386,0.20043562844095075,0.5171648932531754
id04912,0.42761488670669384,0.2912095956418997,0.28117551765140647
id21201,0.38826570846189856,0.3262356458649166,0.28549864567318495
id13215,0.6132945224674422,0.19200012742651132,0.19470535010604648
id15612,0.43762707137181567,0.27420763178488883,0.2881652968432956
id18501,0.328433875556303,0.3114752073893873,0.36009091705430973
id07223,0.5032613037516619,0.2225949404454965,0.27414375580284167
id06707,0.38826570846189856,0.3262356458649166,0.28549864567318495
id05238,0.18833093421833655,0.7431185508245794,0.068550514957084
id00935,0.2667669254513093,0.4071550093290325,0.3260780652196582
id00110,0.3713651681157817,0.4070250450368982,0.22160978684732013
id17476,0.31815712788482653,0.30988092010064344,0.3719619520145301
id15170,0.2719980390878917,0.48925166461596675,0.23875029629614158
id13397,0.4102065748139184,0.31297048856321086,0.2768229366228708
id24283,0.2995836263988916,0.3861001366933594,0.31431623690774896
id15234,0.4102065748139184,0.31297048856321086,0.2768229366228708
id16884,0.3142383541811499,0.46493970378278177,0.22082194203606836
id07831,0.38147046568085907,0.2840856993625799,0.334443834956561
id16038,0.5323178230771748,0.1792998683403728,0.28838230858245245
id03629,0.5003046643771627,0.22365354968673695,0.2760417859361004
id21019,0.5574471532933007,0.1780480742533207,0.26450477245337856
id21835,0.38049912363331917,0.18780003806578635,0.4317008383008945
id04480,0.3157105680864141,0.4612457227570821,0.22304370915650384
id20838,0.32590881281294726,0.40229629047640564,0.2717948967106472
id24195,0.4996484772453168,0.22222938108635973,0.2781221416683235
id05448,0.3862699319427457,0.37574040297510286,0.2379896650821514
id15957,0.4937087740225123,0.28331728282902935,0.2229739431484583
id19956,0.21857705295798513,0.04428312772873239,0.7371398193132824
id15104,0.39107753659426964,0.31791144466369625,0.29101101874203417
id17559,0.5551270260595683,0.17294868507680397,0.2719242888636278
id16839,0.35219408941438596,0.319422546672513,0.3283833639131011
id14493,0.41662551047824126,0.23827545010524695,0.34509903941651177
id08833,0.34283171329471235,0.2702963651569938,0.386871921548294
id15723,0.48242289559751017,0.18113371949023774,0.3364433849122521
id02716,0.6096181026927109,0.17300655983214594,0.2173753374751431
id06689,0.38826570846189856,0.3262356458649166,0.28549864567318495
id18837,0.4037154169021065,0.274022017351379,0.32226256574651446
id04466,0.4781573319784095,0.2896136981648766,0.23222896985671387
id00686,0.5103780896821354,0.24450118192605172,0.24512072839181281
id09010,0.2261641397146351,0.5421904920702089,0.23164536821515602
id23353,0.44423554562147727,0.27265150015891626,0.28311295421960647
id00066,0.5471706155888761,0.1942523123755045,0.25857707203561936
id15724,0.32212690818837075,0.4388969913509763,0.23897610046065298
id23486,0.3116028785116752,0.1976518928970786,0.4907452285912462
id22258,0.23848472060557252,0.30873499706620916,0.4527802823282183
id02292,0.5136505728501682,0.1979626780877438,0.288386749062088
id16356,0.33719328136977955,0.27163642614369976,0.39117029248652074
id00235,0.5630546253468579,0.1900344622130902,0.24691091244005184
id25522,0.35558596858949837,0.23467187056402805,0.40974216084647364
id04204,0.3885600100179464,0.3869037333620748,0.22453625661997895
id22016,0.5668633125135059,0.15760098127611785,0.2755357062103764
id06480,0.3696963332944634,0.5027934581493667,0.12751020855616982
id08718,0.44525203638879435,0.09584319773409672,0.45890476587710893
id05251,0.21052427664502868,0.5969474943150035,0.19252822903996789
id03359,0.5111261787306027,0.22799673391753,0.2608770873518672
id16117,0.18821457586018242,0.2559995752381072,0.5557858489017105
id17000,0.23725290562790033,0.5731848788489828,0.18956221552311683
id01730,0.5280267235963205,0.29467958131044747,0.17729369509323192
id00630,0.4099839896593688,0.3170891539575963,0.2729268563830349
id18175,0.440984341850897,0.18300999372671564,0.37600566442238736
id00907,0.5283488324300083,0.23301013183805847,0.23864103573193324
id18251,0.1871008791012926,0.6676910095881067,0.14520811131060066
id25861,0.5177625521801283,0.17615568093235595,0.3060817668875158
id00398,0.4920143581016866,0.2533286866572551,0.2546569552410583
id27573,0.5987835205774992,0.17253811821428264,0.22867836120821822
id10022,0.24562529755338108,0.5536945346208287,0.2006801678257902
id15901,0.4349214410214307,0.1638064233878322,0.40127213559073704
id00451,0.3705192102541414,0.26801568483032273,0.36146510491553585
id23129,0.3518961596606868,0.4408585531995669,0.20724528713974627
id26498,0.3538953848126499,0.4017712248893551,0.24433339029799503
id14741,0.2932988745329218,0.2541775381381543,0.45252358732892395
id18453,0.4425811219440143,0.28693966664895865,0.27047921140702713
id08309,0.4126909733622365,0.3038693134864892,0.28343971315127436
id00320,0.44241101294504787,0.3137295967376133,0.24385939031733886
id07688,0.3616974784826316,0.2464428247795658,0.3918596967378025
id01556,0.4178348834417349,0.312876304684127,0.26928881187413806
id00178,0.34745426467516116,0.46523427553934493,0.18731145978549385
id18902,0.3188338828997402,0.28070958595017126,0.40045653115008867
id27002,0.6157278249117738,0.20619767531621797,0.17807449977200823
id21418,0.4425811219440143,0.28693966664895865,0.27047921140702713
id23018,0.5551270260595683,0.17294868507680397,0.2719242888636278
id07032,0.38403270681454366,0.336431587091955,0.27953570609350137
id16195,0.4425811219440143,0.28693966664895865,0.27047921140702713
id11202,0.5258475362689625,0.2100667105634137,0.2640857531676237
id09578,0.5687553911129302,0.15572299459213207,0.27552161429493777
id26984,0.5481960622864992,0.17626379102348885,0.2755401466900119
id19856,0.34898515121707985,0.3773517357601148,0.27366311302280544
id12086,0.5136505728501682,0.1979626780877438,0.288386749062088
id12052,0.5551270260595683,0.17294868507680397,0.2719242888636278
id17728,0.31752015077872797,0.12754962750362125,0.5549302217176508
id24608,0.45998036009889826,0.28932461643488633,0.2506950234662154
id21097,0.24570689084812286,0.16920918541435734,0.5850839237375198
id20179,0.35898632274060904,0.30837699955331455,0.3326366777060764
id15144,0.6826541755092553,0.10586222810821547,0.21148359638252917
id00206,0.4971422414919845,0.18087521823171715,0.3219825402762983
id22285,0.3876167367795799,0.2189360337453241,0.39344722947509597
id06417,0.42761488670669384,0.2912095956418997,0.28117551765140647
id00215,0.20425897019451247,0.6860628164529614,0.10967821335252617
id04201,0.32803840524645667,0.27733351652771765,0.3946280782258257
id21771,0.514856724849671,0.24495445192301507,0.24018882322731389
id12451,0.43202618116672264,0.30828961887840983,0.25968419995486763
id14250,0.38254174506982275,0.33955309135543055,0.2779051635747467
id03433,0.2035012477750731,0.642137302024833,0.15436145020009398
id03303,0.39531064988275033,0.2711509316025604,0.33353841851468935
id25901,0.4655415673948668,0.25376622798918447,0.28069220461594874
id06945,0.43708865903978733,0.2827743717249208,0.28013696923529186
id05664,0.47759843620548115,0.2263490658404063,0.2960524979541126
id05741,0.6204991297704161,0.15141078516811154,0.22809008506147227
id10652,0.5323178230771748,0.1792998683403728,0.28838230858245245
id16300,0.513636534952902,0.14859235194267262,0.33777111310442537
id12319,0.2949949418371615,0.5067004831382057,0.1983045750246328
id07500,0.3438001912366236,0.42114553845502567,0.23505427030835085
id12478,0.5577000582830478,0.16892982408243895,0.27337011763451324
id03076,0.3822771630886148,0.2806773986592363,0.337045438252149
id00969,0.3670091388443018,0.3757976888171326,0.25719317233856565
id23636,0.48727822353055184,0.24738855916043967,0.2653332173090085
id09791,0.3852433602250496,0.22776141449332893,0.38699522528162145
id05680,0.3115114809315968,0.42468094422353114,0.2638075748448721
id03672,0.37875438095882324,0.348204576437701,0.2730410426034759
id04286,0.2652094649703434,0.4908648379765671,0.24392569705308956
id23883,0.3014234923629894,0.4740300486741796,0.22454645896283115
id11914,0.5245437732818241,0.23540331868034797,0.24005290803782792
id20974,0.3215466561012669,0.5065218116333077,0.17193153226542546
id26125,0.4795804630108331,0.2875564310115836,0.23286310597758314
id15543,0.3573999977602077,0.35363668793661734,0.28896331430317507
id19471,0.5156039758860522,0.24923458046680902,0.23516144364713884
id11503,0.4043421983514034,0.31432240456378346,0.28133539708481325
id09321,0.33447188341743417,0.40348241854593914,0.2620456980366268
id25560,0.14126680061299737,0.016899709110141478,0.8418334902768612
id06726,0.5093546207889112,0.22332586794719264,0.267319511263896
id05709,0.46506700845783255,0.27449048441831037,0.260442507123857
id09788,0.38826570846189856,0.3262356458649166,0.28549864567318495
id05289,0.6407411130026961,0.17352345844534756,0.18573542855195652
id11815,0.1524237623354095,0.7184667587470444,0.1291094789175462
id22422,0.38836438003139756,0.24507306857258832,0.3665625513960141
id25954,0.38826570846189856,0.3262356458649166,0.28549864567318495
id13601,0.6599124640088185,0.12080065639717485,0.21928687959400667
id05677,0.4553660655721029,0.2703683885218396,0.27426554590605756
id10498,0.3305885726393261,0.48732689483742986,0.18208453252324414
id02665,0.4069739743858346,0.38043124958925084,0.21259477602491458
id10114,0.2326537013667244,0.48441811196635837,0.2829281866669173
id26314,0.34809360827480507,0.3985038993091762,0.25340249241601887
id21240,0.5044349204900754,0.1882521341929138,0.30731294531701076
id15569,0.5038109797537518,0.3338119163426908,0.16237710390355747
id25928,0.48576446931140965,0.24337063739740178,0.2708648932911885
id22706,0.3589524526959163,0.3929077197654157,0.2481398275386681
id20877,0.19316012315968173,0.5378626445489932,0.268977232291325
id04318,0.5574471532933007,0.1780480742533207,0.26450477245337856
id18299,0.3546719373343287,0.3638020966857243,0.28152596597994706
id08126,0.27841382439476947,0.09358631045383128,0.6279998651513993
id14293,0.5147329683944417,0.17588006471133372,0.3093869668942244
id12759,0.5588607979817487,0.2267390283634946,0.21440017365475672
id11983,0.3700917160803621,0.2876277431528361,0.34228054076680187
id05580,0.28458198325264467,0.43255820734973893,0.2828598093976165
id25846,0.44705944439937123,0.26915277098593604,0.2837877846146928
id01939,0.4961235030990296,0.24263133581426338,0.26124516108670703
id26327,0.5323178230771748,0.1792998683403728,0.28838230858245245
id11068,0.4239502682907637,0.2902309065922534,0.2858188251169828
id08404,0.5290453399091419,0.22583837217868075,0.24511628791217727
id27189,0.37503270266866023,0.36371214203816066,0.2612551552931792
id15119,0.34682710375372955,0.36005697161552985,0.2931159246307407
id26525,0.4389658363391364,0.299496515430134,0.26153764823072967
id03618,0.3437161291490957,0.37145880229195205,0.2848250685589523
id27220,0.5087098181581906,0.2547024363377909,0.2365877455040184
id18777,0.4293648360382251,0.12285024298948444,0.4477849209722904
id20213,0.616186694411487,0.16439472011247175,0.21941858547604132
id20403,0.4425811219440143,0.28693966664895865,0.27047921140702713
id03777,0.37875438095882324,0.348204576437701,0.2730410426034759
id10595,0.37248743889926506,0.36899045708435324,0.25852210401638176
id13816,0.3764702541733103,0.3000034325713667,0.3235263132553231
id05667,0.3942474002482914,0.32971677329763144,0.27603582645407726
id24629,0.4363782835860155,0.19072540847812508,0.3728963079358595
id20398,0.38569528409734943,0.3031041133107726,0.311200602591878
id14108,0.41583186821122775,0.17316955040964963,0.41099858137912265
id06196,0.19442802421462796,0.6264854432571626,0.17908653252820947
id02800,0.3518456609539026,0.48302634215103835,0.16512799689505908
id18732,0.4856813847892213,0.3162836919060885,0.19803492330469025
id11915,0.3668156199471722,0.37896544600291837,0.25421893404990953
id09739,0.46023211845910633,0.2725799632818951,0.2671879182589985
id24672,0.31216348762329355,0.3014870728653763,0.3863494395113302
id00414,0.277633809338818,0.15145802343925713,0.5709081672219248
id16307,0.44216470391238555,0.3172457963842441,0.24058949970337032
id14043,0.3656376140127905,0.25451542866666393,0.3798469573205455
id00517,0.15968047166268087,0.07675654056088839,0.7635629877764307
id09744,0.4387141777813519,0.2860796072028095,0.2752062150158386
id19257,0.46023211845910633,0.2725799632818951,0.2671879182589985
id15437,0.4102065748139184,0.31297048856321086,0.2768229366228708
id16352,0.38454403017173555,0.3417432114653763,0.2737127583628883
id18849,0.5379405273951158,0.20694331472966412,0.25511615787522
id19434,0.19687808990329897,0.6939802796756221,0.10914163042107897
id17928,0.4184745198846563,0.23236668057990956,0.34915879953543416
id16896,0.3977926315073695,0.29872332325744455,0.303484045235186
id02135,0.4721560934998813,0.2628160767473743,0.2650278297527445
id15075,0.5577077515045178,0.19602382645659083,0.24626842203889132
id27486,0.28394517910334577,0.55436210339996,0.16169271749669428
id19422,0.43202618116672264,0.30828961887840983,0.25968419995486763
id09603,0.4073168996963951,0.3090741048475299,0.28360899545607504
id02133,0.4109666614216446,0.3096780335819492,0.27935530499640626
id03441,0.45874632348102146,0.14793685061836745,0.39331682590061107
id02398,0.37105500745148956,0.43997161927413886,0.18897337327437155
id05152,0.34309826945690985,0.3924754683661841,0.2644262621769061
id17838,0.5258475362689625,0.2100667105634137,0.2640857531676237
id25060,0.5506971373112219,0.23559519178099458,0.21370767090778342
id09998,0.38826570846189856,0.3262356458649166,0.28549864567318495
id01828,0.27927153303594776,0.4540922685617752,0.26663619840227704
id25377,0.43735847114747184,0.23328728380630323,0.3293542450462249
id22175,0.2600101491550244,0.5636828229385844,0.17630702790639133
id02974,0.37487229886118745,0.2355008893081832,0.3896268118306293
id26955,0.5454781306309913,0.24339896153532678,0.2111229078336821
id21091,0.4294135267059982,0.37086544661470733,0.19972102667929453
id12802,0.4814095057872011,0.2468701142492134,0.2717203799635855
id07432,0.4062848516306631,0.32942313229072695,0.2642920160786099
id18749,0.37620911718942807,0.35348289148389356,0.2703079913266785
id15030,0.13731824432330125,0.20976628470212688,0.6529154709745718
id17155,0.25129888141963147,0.4837943666261998,0.26490675195416874
id08128,0.3616704455205785,0.3776161477602632,0.2607134067191583
id25706,0.26401938342983344,0.5211568617383643,0.21482375483180233
id15645,0.45512308907665167,0.26266678346820443,0.2822101274551439
id04943,0.37159162228005754,0.4224578058296092,0.20595057189033344
id27566,0.39319306338479854,0.19571999010319358,0.41108694651200794
id11765,0.3328202440694632,0.3771733409999423,0.2900064149305946
id13783,0.5088353762010472,0.22309113672453473,0.2680734870744182
id00492,0.38454403017173555,0.3417432114653763,0.2737127583628883
id27636,0.4580094348097135,0.2145301623320143,0.3274604028582722
id04273,0.35595633199722254,0.4319766501208268,0.2120670178819506
id02537,0.5577000582830478,0.16892982408243895,0.27337011763451324
id24349,0.5502305283259373,0.27625301246223455,0.17351645921182804
id00023,0.26089170406026174,0.5624592315664457,0.1766490643732926
id23025,0.5485419378290504,0.19830736854486955,0.25315069362608006
id08722,0.38373388935511843,0.247531031221277,0.3687350794236046
id02420,0.6270175815732044,0.21996251798969135,0.15301990043710428
id10811,0.42463979688179965,0.33242697795240317,0.24293322516579713
id04019,0.38223638898233137,0.2260323942676378,0.39173121675003086
id18334,0.486703491480302,0.23787375098686706,0.27542275753283096
id16781,0.5577000582830478,0.16892982408243895,0.27337011763451324
id08773,0.4586644017045611,0.2861668936605314,0.2551687046349075
id19214,0.4274029236316544,0.29009880815110767,0.282498268217238
id09589,0.2070099741811342,0.2858230601030068,0.5071669657158591
id24246,0.2551584705644438,0.5233972940756086,0.22144423535994742
id23577,0.46661422688803855,0.2663544089567528,0.2670313641552086
id09305,0.5400709096055295,0.2292780376905446,0.2306510527039259
id16460,0.4513338023933245,0.20506846102841428,0.34359773657826137
id21115,0.42435849143962506,0.28571038326890347,0.28993112529147147
id25996,0.5323178230771748,0.1792998683403728,0.28838230858245245
id02551,0.3067872016720374,0.2476687902004741,0.4455440081274885
id19352,0.4242730863291908,0.2860412638292385,0.28968564984157064
id03806,0.1890847442615968,0.22044988367080848,0.5904653720675948
id26544,0.4459410278167458,0.2948667083062773,0.25919226387697686
id18761,0.6278957342487866,0.19857124021262865,0.17353302553858468
id24148,0.35067933612505303,0.3864763380599937,0.2628443258149533
id16095,0.35515381143522295,0.38711917807029317,0.25772701049448393
id18442,0.4010934389615805,0.275666559399076,0.32324000163934347
id22596,0.04327693577006973,0.032777867859006424,0.923945196370924
id23002,0.40347993039748464,0.19004631410291636,0.4064737554995991
id04797,0.45807414123348245,0.26845186350888917,0.2734739952576285
id06610,0.32489180973267023,0.24279627571991286,0.4323119145474169
id16173,0.5323178230771748,0.1792998683403728,0.28838230858245245
id18292,0.29691163577275825,0.33006443459286944,0.37302392963437236
id27328,0.3899874675696934,0.33811769484359905,0.2718948375867076
id01695,0.3926332641015267,0.3041117981642611,0.30325493773421225
id05761,0.38454403017173555,0.3417432114653763,0.2737127583628883
id16354,0.38454403017173555,0.3417432114653763,0.2737127583628883
id12207,0.2963688267785497,0.5425305485133469,0.16110062470810338
id05665,0.48144483999818793,0.2385150679666749,0.28004009203513713
id01911,0.4869563964700491,0.2287555008159853,0.2842881027139656
id19153,0.3688718274423998,0.19814126461158726,0.43298690794601297
id10295,0.45396704751874245,0.29502446157670414,0.25100849090455346
id23038,0.5254951093267531,0.19282140330645628,0.2816834873667906
id23783,0.3942474002482914,0.32971677329763144,0.27603582645407726
id27879,0.553620274259401,0.25798884787741294,0.1883908778631861
id19190,0.42013874488576164,0.3709633794146875,0.20889787569955084
id05065,0.38826570846189856,0.3262356458649166,0.28549864567318495
id21296,0.4102065748139184,0.31297048856321086,0.2768229366228708
id13262,0.4827920610935491,0.24479264304415901,0.2724152958622918
id10333,0.28996006710490446,0.3064924864869991,0.4035474464080965
id16677,0.5211454117619128,0.23917391398364787,0.23968067425443929
id01392,0.3685276231003153,0.2881215442858815,0.3433508326138032
id27874,0.5481960622864992,0.17626379102348885,0.2755401466900119
id02294,0.5323178230771748,0.1792998683403728,0.28838230858245245
id18298,0.36827644082568073,0.2147701080035053,0.41695345117081406
id06997,0.5188685403729398,0.19404866820965466,0.28708279141740556
id05243,0.5426362982933483,0.17109014967029607,0.28627355203635574
id00860,0.1358985868575643,0.42000055785623436,0.4441008552862013
id26681,0.6123786889079325,0.2057577792108216,0.18186353188124585
id06020,0.10166590243613871,0.06560739124815125,0.8327267063157102
id27683,0.47138308656614286,0.275833705682763,0.25278320775109414
id17655,0.268918549011672,0.5317037476192794,0.19937770336904856
id08817,0.38177734156054005,0.23888482400844957,0.3793378344310104
id11512,0.2238058087751133,0.28856202927916136,0.48763216194572534
id00478,0.37248743889926506,0.36899045708435324,0.25852210401638176
id02116,0.39164702109746086,0.31693630765915365,0.29141667124338555
id06746,0.4455107609207465,0.29050998663601146,0.263979252443242
id03863,0.5577000582830478,0.16892982408243895,0.27337011763451324
id01802,0.37875438095882324,0.348204576437701,0.2730410426034759
id11682,0.3974216311858298,0.32954176669033,0.2730366021238403
id04033,0.3263922206312698,0.45436053682271355,0.21924724254601652
id09286,0.23182227934813465,0.26326109154723054,0.504916629104635
id12904,0.4902338729632197,0.2526199880300519,0.2571461390067284
id07420,0.17243139107409758,0.190051262568215,0.6375173463576874
id22398,0.3265173395860428,0.4481378917063076,0.22534476870764975
id00424,0.3283483081716105,0.3561847234859484,0.31546696834244115
id20960,0.46169006441260213,0.3192296910159908,0.21908024457140712
id10267,0.5269634841725194,0.21434096230226052,0.2586955535252201
id19330,0.2282655641924233,0.22568686088086182,0.546047574926715
id00994,0.46970109481238487,0.2980608169202764,0.23223808826733866
id10785,0.486703491480302,0.23787375098686706,0.27542275753283096
id00955,0.46317523827253293,0.30670408357819645,0.23012067814927067
id09757,0.2557159591882548,0.5631080830472714,0.1811759577644739
id10030,0.5323178230771748,0.1792998683403728,0.28838230858245245
id22952,0.34237375643962004,0.23969757077555567,0.4179286727848243
id21955,0.0336179295624333,0.09376315479489886,0.8726189156426678
id07674,0.45630074954356414,0.2614610058657753,0.28223824459066055
id13760,0.334679336125053,0.31847633805999365,0.3468443258149533
id18166,0.5021680556293504,0.2903064118599992,0.2075255325106502
id23498,0.4039804865559504,0.42216896950889726,0.17385054393515237
id05296,0.4201280750539116,0.2658179067662942,0.3140540181797942
id26709,0.5120787131160724,0.20346079592320682,0.2844604909607208
id02853,0.6651970002575138,0.2185004999199724,0.11630249982251387
id06800,0.550593312570866,0.19013798840843607,0.259268699020698
id14758,0.27709067426779954,0.536894407456329,0.18601491827587152
id12356,0.5485419378290504,0.19830736854486955,0.25315069362608006
id21492,0.2808637606465191,0.47802118768585694,0.24111505166762398
id27540,0.4201921934268446,0.3211100419967893,0.25869776457636606
id07376,0.3140199595841401,0.37134365080487075,0.3146363896109893
id15201,0.48375829824146166,0.26804894900405307,0.24819275275448516
id23388,0.1910151947894867,0.606000119216523,0.2029846859939904
id13923,0.39606263813634474,0.3628596334801627,0.24107772838349256
id00794,0.40743424954558166,0.36213168241160865,0.23043406804280972
id23910,0.4425811219440143,0.28693966664895865,0.27047921140702713
id02556,0.4614834184935148,0.21107742161921292,0.32743915988727235
id22151,0.28723703570843284,0.5701449613098852,0.1426180029816819
id11698,0.4438205745300351,0.3542491737586953,0.20193025171126963
id11627,0.38826570846189856,0.3262356458649166,0.28549864567318495
id06340,0.5061306696807167,0.26784111104675956,0.2260282192725236
id05123,0.5785664425606224,0.15711900312511765,0.2643145543142601
id26620,0.30822723970506005,0.13994527296468587,0.5518274873302541
id04002,0.33587653173344284,0.3267251047609161,0.33739836350564106
id26554,0.3019540764107969,0.4199479068631292,0.27809801672607387
id18012,0.40795526721201425,0.39331559864203075,0.198729134145955
id12964,0.5323178230771748,0.1792998683403728,0.28838230858245245
id18965,0.2694628542552905,0.3408981671770014,0.38963897856770824
id19082,0.45630782019285354,0.21867725559050638,0.32501492421664
id26742,0.2869042916389402,0.0760631556014138,0.6370325527596459
id15442,0.4198995330031211,0.33957217655891764,0.24052829043796117
id16647,0.485233109227289,0.25711900312511765,0.2576478876475934
id11544,0.41288634087155185,0.26579791651373597,0.32131574261471224
id20581,0.5481960622864992,0.17626379102348885,0.2755401466900119
id13192,0.47646580128336247,0.21822086500058635,0.3053133337160511
id15814,0.2637299047020309,0.34401736528320626,0.3922527300147628
id26279,0.38454403017173555,0.3417432114653763,0.2737127583628883
id00240,0.5241520411804939,0.21181256096579587,0.26403539785371033
id22836,0.6500142211621193,0.14393513497799457,0.20605064385988614
id15085,0.21629254342687632,0.5475959314491207,0.236111525124003
id17495,0.5323178230771748,0.1792998683403728,0.28838230858245245
id26762,0.5430854934154785,0.20212108790814431,0.2547934186763772
id13685,0.5328284675144052,0.1342019260620027,0.33296960642359197
id16560,0.29595114667226335,0.504032337874965,0.2000165154527717
id17184,0.2530824535643878,0.5697744893882195,0.1771430570473927
id21635,0.5843900329820106,0.15867126090121003,0.2569387061167793
id26751,0.49762468249406056,0.2648954225414891,0.23747989496445032
id12351,0.517083070148693,0.2218367469732395,0.26108018287806745
id14872,0.5430778001940084,0.17502708553399243,0.2818951142719991
id18372,0.4546477788994652,0.2936315903686519,0.25172063073188294
id26851,0.5433871951946114,0.2540767737658766,0.2025360310395119
id22659,0.39009185134248153,0.44104592616147215,0.16886222249604643
id04102,0.1256449056348851,0.15574836396199263,0.7186067304031223
id02353,0.27510302250791063,0.48609616675312156,0.23880081073896786
id26721,0.5468618419368112,0.2028468069290275,0.25029135113416134
id11171,0.4871780025612768,0.15713236778627654,0.3556896296524466
id13562,0.5577000582830478,0.16892982408243895,0.27337011763451324
id26425,0.6300973617878985,0.19219724687806145,0.17770539133404
id26394,0.4296679713831287,0.2697470978722177,0.3005849307446536
id22187,0.5323178230771748,0.1792998683403728,0.28838230858245245
id00422,0.48714658677366457,0.20034251617639948,0.31251089704993595
id22667,0.238197608030063,0.6146468404032277,0.14715555156670937
id00911,0.5307529769131816,0.20884089698156222,0.26040612610525615
id17291,0.5338446842913431,0.28631881694623923,0.17983649876241756
id01915,0.36615429681593054,0.47126735881518045,0.16257834436888902
id01434,0.5323178230771748,0.1792998683403728,0.28838230858245245
id01584,0.46345569082231164,0.18265833267065812,0.35388597650703024
id09266,0.37875438095882324,0.348204576437701,0.2730410426034759
id17494,0.20154240970042694,0.6178904310618326,0.18056715923774053
id24919,0.4869563964700491,0.2287555008159853,0.2842881027139656
id21043,0.4911221102705986,0.19304027461723094,0.31583761511217034
id17796,0.3076972047077139,0.5076621673008048,0.1846406279914814
id02166,0.43351472057401796,0.13826834746949884,0.42821693195648314
id17503,0.37620911718942807,0.35348289148389356,0.2703079913266785
id21203,0.5577000582830478,0.16892982408243895,0.27337011763451324
id25626,0.5054201763853079,0.36583072781879955,0.12874909579589258
id09836,0.4706782615091728,0.4011809990438267,0.12814073944700047
id24202,0.35750367348964207,0.3949827246915657,0.24751360181879223
id27260,0.3914942982189635,0.17888172485405135,0.4296239769269851
id23167,0.3424557479409473,0.31161151650079244,0.3459327355582603
id10393,0.3710666943919077,0.3734546238242428,0.2554786817838495
id01171,0.414727853765435,0.32419114222530876,0.2610810040092563
id06380,0.4267210017937921,0.29322785914193916,0.28005113906426876
id22686,0.4539986683125054,0.2858434890021715,0.26015784268532316
id26250,0.48013173723372987,0.19521965912040976,0.32464860364586035
id09315,0.3642953811032664,0.36923018481273817,0.2664744340839954
id00886,0.5053707417073087,0.21921094123949608,0.27541831705319536
id03101,0.37564666218520254,0.2924745533792601,0.3318787844355373
id12367,0.5345499959856469,0.2224414795531872,0.2430085244611659
id10770,0.519943657393119,0.21051198261211942,0.2695443599947616
id14949,0.30673760135912,0.46494118548389973,0.22832121315698037
id14141,0.48201006246205036,0.25517407257506497,0.26281586496288456
id25417,0.5102360971574558,0.3194773316099738,0.1702865712325704
id26873,0.3210865891362907,0.29764847336361233,0.381264937500097
id10818,0.4185451645914487,0.2716592996653668,0.30979553574318447
id15146,0.505233109227289,0.15711900312511765,0.3376478876475934
id23328,0.4239138717170077,0.30560247639632965,0.27048365188666273
id16765,0.3345271331971854,0.4215641404036046,0.24390872639921005
id24383,0.473990040354723,0.18837246464219043,0.3376374950030866
id21304,0.46935736333597305,0.3102216246655133,0.22042101199851366
id12551,0.37070253609948345,0.4060562822512635,0.22324118164925305
id23274,0.37347198979937757,0.3168914140085355,0.30963659619208694
id08117,0.4700874231104627,0.2524383651677232,0.2774742117218141
id23961,0.43919883990708464,0.18875197924437437,0.372049180848541
id13865,0.3027060091925306,0.48382953232618275,0.2134644584812866
id22807,0.5711301895548038,0.20467863266517758,0.22419117778001874
id08951,0.5481960622864992,0.17626379102348885,0.2755401466900119
id18684,0.47155935128666143,0.24308755803736296,0.2853530906759757
id25179,0.3591344530709757,0.3839846775905244,0.25688086933849996
id27033,0.47549086943637875,0.18145308728069967,0.3430560432829216
id13977,0.40854721685130785,0.37740570410841917,0.21404707904027304
id19337,0.2980885152247328,0.3648088390240873,0.33710264575118
id25764,0.33025133244355853,0.4239633814689511,0.24578528608749034
id16106,0.29380629061287555,0.335830911334823,0.37036279805230155
id05468,0.36486428814026195,0.23947051209293294,0.3956651997668052
id05241,0.47103099143182436,0.2437670523525664,0.2852019562156091
id10215,0.47423463304315616,0.18999502597560006,0.3357703409812438
id23457,0.4277856509441166,0.3420739345248149,0.2301404145310686
id02200,0.6870259696751125,0.10753793046909725,0.20543609985579034
id13714,0.39402372313523,0.32253212323386016,0.2834441536309099
id20332,0.4856870745080498,0.20944729798213219,0.3048656275098178
id18573,0.4172514339050785,0.29936311744746885,0.28338544864745263
id08569,0.6152695267050995,0.17060574017498834,0.21412473311991215
id22767,0.35708583083547213,0.38309376251218574,0.25982040665234213
id25390,0.2889542172426939,0.5284826434194059,0.18256313933790044
id09288,0.4425811219440143,0.28693966664895865,0.27047921140702713
id12381,0.5582093523730651,0.21029958182189215,0.23149106580504272
id02895,0.39233394069867916,0.25684391273734736,0.3508221465639735
id25270,0.5117206753310319,0.20323511264927868,0.2850442120196894
